2313934775
836505374
3678112
280372307
500984188
6388808820
588188467
9273762398
11927715
7107797796
184846110
236513401
978212770
5622443481
1601883300
4225722494
3974625397
8454779944
4629680721
175837809
9220947
4149123134
9310168805
3663477199
190896683
8029119240
680742980
6773437893
8532479194
1826973387
176536545
8326015000
2047372691
1432725447
1199984111
3928576311
314821338
3994840665
8796086760
177665377
1226177481
369581752
517410538
7925834056
2011915406
184418826
7097982
174921590
3251413774
502274653
3536578425
1451849535
2713644
3266113479
2317663968
5656787
3463358261
2190768525
8361924473
937994550
7746548890
1239484950
920632739
191914976
231759019
8770550075
3276711212
253131772
3031658797
2242180903
1722104175
24596563
227531275
974369314
36550712
419311920
3207559187
33371113
23069246
1384053268
9228836541
7940974587
8930868047
2059117742
8501832262
1774245182
8305862257
522521424
8760659998
7731069039
2017678320
2228894417
6691597887
1566190261
6803516043
5516242435
7675742592
353709924
8775536844
25534913
8233907009
213530338
5340401751
9377145586
4385066103
3019096183
8210578227
1575397686
1588820827
1774996399
8374485590
6733029678
7201289617
8649317380
3252724524
1261598082
523075057
7709116589
2052658189
7013577765
303114666
7001767344
2288716470
7387216793
1268734803
3076663353
6712891001
5418928380
9248956341
2284465851
7929731848
5710980487
252510410
1749229
8337876838
355432670
6073406139
544065290
3987278081
1307722601
1505772167
3183566349
6132040133
7624676002
8517537844
47808824
5400839084
429304303
7930539489
8509251657
6022554223
232528615
3084081253
2535939859
222054414
232677311
5827110195
365782917
2262170441
4494614
8681739338
3616752212
3107210229
8368507890
7055036853
3612889740
8957933201
243035814
1465830774
1485020198
386799690
175580737
309045006
5717896552
319316793
1455459462
8520028624
2750709
241056673
4174889100
8133762686
681736603
1580455823
8510977608
54841073
932348253
2026104959
1541758743
198326924
9028973268
6436572517
8095642546
9292155592
7955426196
7081932936
6735195824
267928294
9423665163
3281526631
5700890547
5707512717
8761029263
8231974188
3652677022
40725805
265162485
7644116046
7004450232
279699619
8998773825
8658584965
8617978580
253410309
8996092460
568681383
3189848006
1643030295
437779179
2953588373
29948540
9187845137
369939306
2326008035
3499552318
143836435
8251055138
355448706
6079525400
200705111
8710675815
2009802855
8995919077
7560808315
6254373095
1668014639
3214366295
1968579208
5613135789
4192444721
1304472509
8989759314
4790036745
9718591
5488047729
20028195
26185013
17127565
5622808549
36852387
237582603
4652973923
1281130206
317089795
7273278462
2532753119
3872658409
2169865351
3613788240
2335061497
187951977
8667198446
2198435393
3288370449
9188574245
4589029244
7849399006
2004467314
4024022130
3462415514
3253231025
1457192056
7913194640
3117415415
411606076
3233724706
5618261409
5734671951
5779466634
8527280067
302874894
8432461254
2938896292
4558887373
7270644885
11814796
7214299952
8349057929
9416564466
181112516
49136960
310337904
6083038784
2207107282
178375883
1988590910
3278826052
1808565964
1099337337
9365575827
7126310437
214416974
8014002897
198023870
2252092651
2988688796
204849172
3489116193
181147935
8477531292
199107692
1540551277
20762334
7039191830
259416470
1258454887
1943757644
52627467
1306774439
6425043696
371132363
50119846
9031628071
3111786409
44840697
9433329060
1671545136
1987344292
2220689058
2557889591
383176002
305574620
7469710
8545165284
2929379721
25702803
177146348
347788334
1511241876
2126074751
3062433455
8983644235
2758704053
487573274
6978280253
1518686772
3106266854
4741384438
4126622475
1612255734
1160181878
7929993722
7830658316
6320473795
5859538698
200872872
8507181075
31316841
7390952729
2056538739
8628595086
430547872
3266203728
4927872563
1613600
290075524
4678679722
183186476
1563715209
3432162006
6719435818
7461091441
144318005
137906
5865761265
5947827049
55219195
2112574158
227418524
6051234440
5328134771
1526646402
8301948412
2715689532
2944511271
7938767330
299654154
339105213
173617818
6969542472
1716809162
335214820
44804804
7001770605
1147345838
499824600
26528692
1816156
2227724602
286285654
3655315484
1803886300
8458110157
4957155584
1555019757
1958581923
1974917165
214562193
4239069321
4761170531
4023356891
3133905998
56118498
1533706272
7094200726
27894785
7820532746
8152294628
1972337024
9428552889
9600537763
1436429700
6250829292
7403386328
8617129142
4062606011
1503122477
9680984348
8546125974
52802212
2270668966
1990726764
6955028553
6973696804
8720254395
7231087411
5526576414
15667543
1278344898
1966194503
5319827549
5375545
4716997403
538322026
180136284
7111068968
8286425274
3464327835
2227939481
9151059708
6817871440
5377491289
1548205745
3285011879
4733113449
797433800
4589669537
6862816621
7119088641
203903263
6876325670
713850652
633222351
229365535
1135720001
1355254147
2205134503
174011145
227199217
3954651013
3149087618
3732186209
6096065378
40151898
1994865757
1554074921
2122523611
5593821569
6995676852
4650971543
5465479014
3621444166
1158995078
196705287
1166303892
5914622730
7094979078
3285027655
42706374
4321619061
5327224004
860947898
3518568205
39992568
703585116
1422986588
4337805583
2998365733
7527173273
674558398
6249580382
1819858004
219421724
8417909755
6155298675
10017943
1415443685
5576282574
2965037575
7272968835
4769842062
530892947
4699879904
8304909487
5365680415
2258518392
3102757503
4726963292
145394814
5817527538
283614172
5840133904
5703327096
8288911154
8926228432
5995618822
1373296903
9522146029
6225124537
9620238439
988013076
6873129851
5808985594
951235277
5511882506
8335865
4945374950
2282566890
454421196
5896503895
292284647
321148793
1960107545
5119568526
9122921686
2291227653
8451260673
1171118309
1959801527
54941433
7131636261
2267699733
4289001860
12732108
1602131501
3440205043
5839819545
3083720659
337702357
214449925
1374429401
6967060541
4771088797
208283698
8670823348
6573630176
1571364233
1741843831
4623009652
1397205530
7588681838
7687596582
1535173381
1448315224
1236947943
314496034
2273423404
3179506731
8261172219
4032057203
4478950469
1491349151
8050910746
5442484442
7561884279
4551197670
9259293263
3596228319
291910668
217073935
9233964814
30480431
7371293135
2173467850
309634360
6294028022
9461663508
1806269194
9142113117
240329235
5918471902
9431217072
6162822484
6245019905
320841662
519599217
6210689914
9538420532
8258367029
7153774372
1326375171
7372976204
6993434308
5729011638
2503233810
6074910064
910106126
1633513784
3135311194
8793416918
3246879168
1688712539
9471616264
357885234
7498309344
1485615665
6903048853
6885875321
6682664336
2182247638
1472029139
2902734307
1700590482
260762062
7997937522
4768042875
9266199015
5475878721
8479317538
2966482187
6618073557
7138906581
9752348786
3299991481
1806094623
1559606885
1267305480
7050832100
8471581309
8109650034
1938730615
1962848007
522769867
4993280512
4474949420
27546711
769618585
2052487744
9276131348
3636134550
9969929963
1665392622
4774932862
2089539416
1569491563
8786874822
1463074227
2318094454
4173770314
2363833993
5635277152
3251552326
495993342
1288041927
2031057470
9927416183
464883684
6295953866
5573797003
1401829401
603014268
1730486188
42841197
44435016
1694909278
2872255766
522146457
9184967309
1942575289
31401029
6488532146
1445966738
10127080
8996900476
2207916781
224598968
259197047
1774263303
1455102030
53895119
1566490263
8927743277
1640567960
15569141
780499918
3169697158
1499691288
5321119881
233057881
1261823232
8170318417
339254152
1027937951
5880700269
951546079
1556613714
5999655943
193004683
1710226311
1226543967
5152428905
9039406036
219749704
2077229378
498645468
1919322300
5361582731
2880068171
7987639703
30893505
210516792
18896517
268347690
4488520414
1465675515
8712689243
323920895
2207948391
4187468831
5383382650
2363516010
1532154444
657625849
1395644337
2949608749
209102585
5952472207
52797401
414696965
2515431995
7239559665
2016402725
2135873666
6264900631
144301559
181536394
30576743
4494193963
39915459
467582902
945930
312807368
1227597149
6976605269
234064227
145537570
185909902
2155724821
3633849324
268990682
2249414275
5783727585
1424854754
1970254447
9900732581
8151728077
1693681263
2535461938
9191679217
3267455557
537438570
4203661352
1471989979
8929164893
9343981
10097573653
992845813
3461277896
9937191507
7618679736
5563835554
2068016908
336808362
8611611181
5687853240
231761124
1243456941
2231784049
1607022366
367213
8141628993
1261781718
3295127066
197661439
1422320977
384868630
4112773406
2163866936
8478760589
10122050098
4835328930
8133405205
6781514245
4317176103
9155155102
514677258
1124466820
9236504945
9484867867
6334642900
4086487453
8601137203
6626050671
10130715377
2109395542
3582072093
7585887072
8374495361
10029146075
519548222
6690997679
3525483681
2254620637
1558116221
1150247823
8485007243
9494377501
247096540
9260813366
29226052
9490116021
5826836083
3198242248
4251528569
8226851399
8726797805
4886144997
9310755285
258789614
2247053615
4048130078
4025064555
18012422
1928616040
47654554
5877098854
8074669945
208302354
1194172738
245743969
6962151177
1946630760
2506625023
7755545421
4760328486
216861610
8395378537
1467951138
8587162038
37650192
2260501739
8243456254
1572901785
9886397933
211610426
1392653400
1479223851
247227279
6220036273
360408522
485764851
376048981
5420719502
7517226500
6173324736
268473758
3551614604
1558176322
270315739
4407783397
604799214
6924695959
1999385419
222098730
303377342
179073876
187017776
396349371
1541974210
179452389
20739385
896194908
6887482146
1503284610
8755848303
310226990
288180695
187341756
2719914216
450792363
1396366729
313647446
1731060312
6341289027
1423942004
6799066273
9148496841
2134113288
14257136
7216733955
7314411998
42520310
2105650120
3290990988
27142341
521530052
6404326893
32234363
1367708775
1445188656
286608531
3118393292
1003448265
7494577453
8542649857
13433268
20863181
1579265265
6901891311
6158291
46557534
1529809751
6814239247
5502221411
8497239434
46821762
1231126164
6935216364
2307938149
36659874
246784095
1707990377
9187708577
2897113014
10188210059
8965757520
8208027546
5537501315
2142739050
194751377
8165100145
1484260684
6138496953
1918045594
241451515
6251414159
5639133325
8651792355
3520488175
2943034848
5835449863
380092854
2872592279
4223241237
10099859424
6984343412
4026803329
8587342702
2135850687
1395245729
5635359651
176248307
4937142068
276430799
3616578733
19164629
3924108927
8471048427
9428001703
6105050848
359251325
1377884462
1620957916
4358182918
7232644432
1997924778
9771238126
45599024
8435115622
6248049761
192972157
7930711496
4017512557
331182532
9607936439
226909841
1463374861
9374539588
3996969200
317069555
3088375771
9898638111
183218335
3912442521
6867675698
1722206204
599909830
9225962537
363828239
9906829883
6652734670
5719316513
9221311246
8491579834
9765260037
2230434583
3280520899
7378691867
637955925
5454274237
9777320901
10115823777
9699311153
1212548217
6689597320
261327610
450067318
5008623058
2006463913
4668292298
4485737867
8508805629
3249810127
9121448477
299356967
3068284292
2846318
1391807227
1577901026
6704961332
784380750
7792401141
34754873
200212303
33047460
229883636
5860123425
4769917153
5372689353
1031544662
2023865228
35301934
976539019
1929107525
3623935689
367431641
3486746693
8772042345
1758098203
4345944886
9701252248
1300958119
230355635
2255677153
2267951456
8305018
25533698
1596200037
262726803
9697388158
246012116
9127447217
3588923785
8142463433
495122396
6961929688
11494620
1070590561
349704648
4929363157
569773885
217339585
23858558
1365325570
51901895
7534001782
32562922
7005011933
2418324871
4700606601
5341732806
4623330719
3107014013
6337106350
9023028434
8509708206
10119983812
10857495
3509880571
8540314122
2205814024
9613845212
6242181141
839526714
6070422711
10274296404
2939393487
521174283
325896411
4557888436
10356696565
8613459823
10172723728
3916420490
8483830267
8455445814
5012400340
5048209658
3483527794
2339969576
10392721321
4557204925
1792290517
10584942
808463914
4032294769
51675764
17047301
3059466530
2097234930
9245059181
2047417253
1334381274
1680238618
6173369251
9190272278
2213420849
576998450
5785772338
2113692803
3317095589
1335249071
31868361
7379331
205660985
9851218576
7976509965
392982694
10430009123
2054953049
6233647151
7192769493
41929397
8078173049
8397532121
9984459
6240690362
1826241238
1974319981
3534858660
275216608
5395426008
1424194259
7884682497
9485811160
1564581946
10025472994
192568495
13614401
4178193344
1556615523
10233985799
8109680175
9427942123
1637411160
2580500845
2079403377
6911779164
9470831195
4638968680
3174996487
7611177450
246096533
7399519205
1800824771
2263100672
252474267
600421411
5388649465
7996137185
9387078295
2066561655
9784182682
295602402
181740017
1360249656
1515208686
535820458
272756539
2324136774
2654293772
2116593013
3686796055
1488333350
2230337968
1553250887
1549231241
206434099
10341261137
2655259697
8601113014
1315542472
4975498830
1806658276
1288708111
7098857924
3052375905
8172490442
27925554
5742561582
205254899
4092434874
4501678470
5892416598
528577040
52086415
7682455228
10456866883
4170890467
28589722
4457361768
7795313400
2529913346
1942853281
51597218
795742569
3283783011
8882783587
947825
2218387895
4372627388
5700921257
9061605256
1526108857
9715690249
1450662824
238739156
1406611200
281955316
7319996703
223136194
10590040331
1504632158
7599373567
250394190
8357946066
4523143627
1428161555
362295670
1302286629
4119325986
374102528
8313287291
268646407
1582016088
1583571468
54298521
1948214106
7277420
143801530
288814807
4198870574
8523306624
8363205058
212350903
244581085
2072922269
10163117798
400232183
21848182
2542525899
4568715213
8730420296
442536707
1571646842
1478583459
2271657222
173918746
4038196947
1322554465
13369945
9620803109
398411110
5358529709
10361673698
5393526611
2223340987
9162880421
21673386
4224143460
12614330
23458342
1422398318
5661182145
3397212
32501803
345708021
1340280842
2272644736
173644727
10597193103
8692889244
6925596983
4159581226
2061911580
4143474528
2297978732
5354931474
45214602
401504
3942106161
1513010481
1287774337
184025839
25063766
9121080719
2113106637
4143869861
223918309
2651503184
1796512514
7509656929
7407426925
450262998
27925705
6053939843
8424314573
3318725499
1522340241
8005514602
6332301281
8576483873
1589232423
8286657611
264319649
9137162062
2978327645
5386341019
5650856756
7613967324
5681354310
1628915866
1972500256
1610974488
7123453183
209874246
28100638
1364819895
3293017205
2263510639
8701211626
18657107
1791069402
24244485
8168783974
1140747533
2846832
8951070139
8755895468
2361073259
27209546
1324885740
400451226
1575866125
13288744
218495951
251130157
1397758738
1725738309
640885750
4020147565
7412104208
1115566839
442757368
349056913
3652674219
6765154958
1079704708
12249553
176906021
1069029353
10137228917
2229569170
9950177478
6892591076
6620423758
4378506938
308327817
1638125500
6314835432
323055596
199509662
9509544784
2982773331
254682092
4905987528
4822330950
229657807
1503145470
5804759033
10495875079
6715901578
8577292350
6641766265
1920027601
3848424446
8297801146
268443143
16506546
270855284
1629616379
324594780
1148983406
3083651910
10409758463
311901213
9686187068
216749239
6260799782
10237585751
10441496012
237408866
1145862025
8616334763
8230304089
3412710066
1444377823
763560457
1403732011
293638178
279914545
9129577134
734539951
1013379240
1933633646
1900622057
6639704946
432030079
10380084989
9646572437
8948716981
2243769580
1969022744
1486555123
220574914
190604208
5388778989
5864336308
6519190277
6622697160
3120802642
6821843055
10413845237
1556330828
2299782994
39661291
7638256235
10222023061
4789213322
6123237956
6709897721
368671898
801483342
427069349
220090535
1688771247
7023055035
10162508591
2305734336
10603332450
4012419138
225232444
9531679599
2290510886
5377194735
4291651258
8163454873
1790786985
1827995720
54664589
6918557998
5473296902
235441597
362148213
6491462064
3591914540
4786018341
6246178242
10459491435
421052276
2198458537
2198477509
1834509150
5536069532
8597178627
9465479668
42385701
6069403085
1670461015
10122821153
4235035841
10645428475
8671529990
7501386404
339670941
3960625749
10646468630
1586653148
8275887734
1559394647
3106939579
9268381639
10119314112
31453292
2760169498
10716554789
5677105730
4285041817
188069457
48728698
6853135488
177860367
217981551
39104542
8366253401
224995705
10584589919
3080302418
8635876804
3017143981
427520822
4005360275
2895341975
174612315
1707674553
4823165896
1513592158
9433547538
2521267393
2241460284
6794470910
218864585
40242707
452548729
8758418035
47078435
717430970
4606746120
455592866
4063402850
8251639230
10663018233
375708820
5057405685
8891836432
325431170
10107350868
4459154890
1941849553
144494240
5356740008
9540830465
36299663
43052887
215061084
3214934986
261566230
10134226461
2273773320
3619266557
380669044
2347890728
1976249863
7112008971
4370286487
10898304303
3885721593
1418058209
222404555
1558376083
7411743562
3077204588
1392125248
5919586939
4710271772
2157718705
230763688
363649061
406471931
1435858052
8147777328
9206742299
4314937
1142353491
7993458237
691261833
1712900144
234706618
4334216100
5776374353
209051862
326875288
1463954429
588320913
306391377
6737238522
8551676330
8994781235
1962205625
6897283836
1912310715
29828023
9516768419
1933144676
1642115397
2871926146
9269570321
3882440235
8940244395
5607323146
2055603002
617942265
3687583894
273649218
10675154196
3250005
9249444650
179320075
3268455161
4658157332
1611315372
7639248962
30679917
8670150628
7961603666
1224223679
205346570
174654889
1969046395
1635574270
8780206535
3527318910
570670234
250398806
4879374226
6938119652
48504895
1359074885
8581122766
622431459
835691277
6633131549
55018616
228762365
344301824
191888359
55610359
5457658932
4246937429
10694995097
45676769
2281580827
9940414558
333282783
4466806012
1321110387
3651218174
353566868
4151928770
1466230266
9913102594
181521481
581968199
1147319324
325851247
10576854860
501579173
292902603
207538484
206425064
15565072
44905292
10660733276
1531870374
1436344177
8285895885
31378183
17480475
254537681
1588676202
7184920
2965403045
10677847781
1114594306
4321991821
5557620434
1226655842
18391670
1819785105
6655293799
5912970050
1912085799
9984150007
4219682289
203650939
6842386440
214950347
238879434
3469355217
9486812790
9244203744
207712117
7517996922
8751826693
3679334602
10813510379
5460679699
6957727812
6206685905
6726593939
35367570
6271009510
297918832
4211546352
1502529364
10340367225
2912329514
4765708275
5349310862
6290981104
5586067306
5337721185
5712988108
1272131758
2138847331
5417784759
270388317
30621512
1438742424
1086210967
1619404942
8057526857
227647429
1515325266
357581825
10594337900
1547746351
4610070740
6245311161
9302048059
397308291
8774788901
3572649547
1577670346
1763632616
1377900500
1314715225
7181844798
1428233701
2320843075
6273733356
10900062761
589951262
2356939678
558975970
15877258
6326167653
10358380947
9476874474
3059460002
5701975650
463794502
10885694945
146200336
9388601498
34225698
10458727822
6853143924
1685522831
7069936881
6907541477
1577870434
2870782594
277426878
2127446397
4462352043
4539670627
2172842033
7466492649
1701462051
4918318820
3655638333
468395578
9279905114
1785089241
9205444284
3322992277
3014250127
33083288
427786459
3562210297
6832859033
190851571
314121783
10702702167
3740734218
983427576
7318262317
1493256958
9614739994
10366621331
11081514405
8461102027
1483593590
1825576774
2949261069
1098722595
8662035239
1918143066
8614445165
9210088113
2068646454
15050705
9951702818
30685464
8624864698
10665372362
9530025322
4334333624
2459095411
6440481692
4554605507
8798276655
383584
5439468213
8641886566
5778379650
49791391
8621788776
8946103591
9152390186
11066817366
7687360555
1948178608
10852108006
2143169012
265625314
546004185
1417371472
6282928637
10620668690
5339449724
9194001174
10484730047
6947483690
306206159
1554894729
10487491719
320908961
8630000041
8637114629
211273814
8213935430
364271786
10176255811
7399075277
6288291882
7927759212
10701856719
3136578426
3983800428
10225973304
572162723
6086429562
7169679213
7764457241
9941992049
10473989981
1730940599
6685524202
5410401378
7137229758
9689121902
2899004003
6274273015
2070753353
2280032888
38323736
223889978
2299559203
3729380425
2056074675
3444206362
10844090039
22435201
2461577901
8173654660
1324680718
5885080423
1577463714
7164777732
317921997
2871478301
10140864162
2028363691
10866594836
490698490
215330832
3444985556
1364610843
8709746113
450711249
541303999
8459002428
10664101302
6612408628
176614987
2272550848
44151971
1200990683
1395868153
471826289
3518987000
1540716426
3230210
403464889
10854125397
8012920154
3969882383
10701262886
1551699470
5823779986
188366421
6737310148
251781274
8162310536
5753032199
2171614650
4060715403
1764965761
9545119454
3941393192
10681240659
3093264088
6240309923
1430034928
8234336402
177277541
8408935782
4714236265
16394244
3465113785
183617
6607075238
328454486
257116331
5501649528
1979372088
7310327533
4235805583
194840128
2959836250
3536623750
5985251340
357485677
7213785777
4408490310
2207773
2920870055
8907822170
10755018041
1821989411
2008606898
8217157748
55627763
7581666730
10908194088
1621812784
556633945
7309830761
10706950279
8698789703
10096438051
6000631448
4675971660
16442383
6869976408
4200244537
10471879054
336254727
5330192783
1443170444
174014918
53873200
1653746729
320868829
353907053
10974441145
1819586381
1666561636
10951274802
7185055251
10205430837
230197255
4687426342
4459853267
5824506944
1173718884
52090259
6285181084
7393551725
1058166792
10977978122
2517995031
6151304934
10902513523
280006787
6703088228
10643023557
9419744290
5461845364
189764849
6146575989
8742547775
7718330
6478563110
2293794073
3172569732
50127908
360925818
5585752855
3016399495
183611974
9678065791
5858338418
7523212895
10445767520
10824320798
6426250004
2198713153
1589806577
9608019145
9929687130
30212171
1599535
229263484
9700052900
5733809437
16715983
317791210
10949174898
40467645
9468839319
11051703502
10622580924
2964945388
5779626150
11080851151
8025634255
3066732994
2029468906
7458315778
6189003722
10817935353
9918583419
3546892030
1588058246
180863550
316254498
1696885866
8448546585
11407892456
7441626057
23249228
3593283031
1360927144
4020870624
11230013141
3574370180
3259106196
11420310952
7990056237
10916219092
180842104
8926493686
4248045227
8932220117
1295238830
8381635398
2209317357
1544263663
36702759
197890403
1207895807
1591036850
1501900539
3078060057
11113114265
9192432557
11338561839
308657741
2435726770
1544914585
6500548531
5511268259
1719297798
7748973748
10489327821
390350206
4988760119
11448539986
421839824
3859354261
11223425421
5892436057
3626843245
6977486962
6539872173
38556987
1403908004
4030477294
54351044
10242905345
1469439937
44961076
8382965280
24325086
1602665141
10884468758
526541558
3550156540
43473352
6894928602
11761170258
8103423014
1940537452
799059818
8286846710
11081050415
5673747696
489029452
3970251435
4920727437
4089720505
1665190064
253577393
256347418
1464160896
213364184
4922133831
1122253231
39276465
176696830
223309720
255439227
8377746451
36695983
551036610
8414671587
18891592
4173451010
801460110
742756046
405081340
10638668544
8134641061
9502140984
10648043143
2254977580
229849953
11349549718
1466138398
746809435
692393328
214962289
22113564
6616968290
1364876207
5944034204
6766126956
7935957880
7715297653
1288678378
2036325633
9018863795
3028452117
752443384
5958074968
1319236679
1062726288
2382045110
513918773
1394745681
3526681476
3620839107
6211963844
8765609124
11348317669
10745502954
8915470863
4007999348
1352371137
7386194825
207462879
607511215
8481185572
9236667783
2051639846
7474618915
8736471664
4010216342
359146543
8621930834
10950750209
5515505298
11552839234
11381298
8308433640
1740661095
11620738077
179733972
11355506544
3092272671
280746433
4801005570
10145998698
1338086582
537884777
2205358619
1169098739
1690922531
1823997054
7641724187
1383151166
1307476338
1389159507
2180482315
8380043116
2081682192
3204895927
225996475
9949313551
5734098475
714180176
11288905991
899393472
1511767148
9211747309
10902646007
5921989112
289935511
1470130387
1481175656
6377702913
11587648454
11207190654
9712068057
1506325016
308569140
278661961
4855538422
1536491409
8278474118
421006154
3957490052
11098773837
1153428138
510697829
5787142448
11203086914
854933871
11216645893
2270631998
450392514
22441532
2029628393
3674847800
9934753746
18490688
187801869
279091878
1023561911
9012517433
272090927
5583329819
7507304975
2375352978
10858111437
13477242
1951173498
11139533717
52871309
9988755
182066460
1546078103
10867617532
1000854499
10930232
6473947265
202719333
658520244
2259487296
7006500260
7095201420
202835227
596969283
2020286116
4617038777
28819633
11626700632
192211215
487347676
310858214
8619310286
4866598706
1914514539
6980954789
11609084503
17081051
238660312
363869177
7398244875
278701846
1805598244
1204363072
40596641
1212270821
2350576535
185030029
3416018871
217752610
1953104007
185084220
1946660532
9363839
5935513825
1139538152
1990949800
230804834
11043393421
2100729659
4083152274
144457016
15626448
7363406499
8954020170
511635530
2203383110
1349042890
21647426
7596441061
1385088931
6752850338
259199523
3189859222
216932730
420939791
3013507327
7685128896
8683269776
6970909918
5433453389
8501577849
7889629283
6869762506
11638216473
7935286781
1071413777
1454375657
6302479949
915436040
11390576974
11344871540
5680372529
9958243918
5476324214
5710909441
4160242620
3087211941
5722999743
1735626092
9958832993
259529443
5627734863
11294957792
1549404807
10328148219
403411707
4621887023
7773140859
7273800990
210739352
1144337402
392804778
7285613650
5776348858
9431696684
3455819400
10432053286
7978184343
3053855645
9068366681
2187300462
44933178
541290644
7414582947
2226133393
9934276455
7055488024
177503828
1131305733
4094175668
10511062649
8432712085
8776234474
5587650368
2225178596
32967550
814970108
12046145597
9387139813
210977051
1411055149
636129
9760902591
242977755
1533909602
14021873
2030130798
8631074285
1422711062
3255567973
3065249231
212874465
7069411526
38912802
