17441882
7600893230
17642422
6028457708
6357518237
201896334
7721413475
8762691902
285729025
30456780
2998820317
4049521987
241023964
2310187209
8680262861
180565659
1562450297
349667170
2713644
1451849535
184418826
3266113479
4137444403
8796086760
502274653
6342429464
2270470334
2011915406
47808824
5400839084
7930539489
314821338
232528615
5487319805
9228836541
3463358261
8930868047
3252724524
5827110195
8681739338
4494614
8501832262
2273873218
1261598082
7925834056
523075057
3616752212
7709116589
8523371550
180930946
2052658189
317790597
920632739
7013577765
303114666
5345305350
3612889740
1199984111
7731069039
7001767344
2288716470
2228894417
419311920
6691597887
1274019831
8137206101
429304303
5516242435
6172021521
8233907009
7387216793
213530338
1268734803
5340401751
2262170441
5417939753
2250056325
194904804
5707512717
8761029263
8231974188
6436572517
3652677022
8095642546
7315707275
198326924
40725805
265162485
9292155592
8122925711
7955426196
7644116046
7004450232
7081932936
8998773825
8658584965
1635028921
8617978580
2026104959
253410309
8996092460
9028973268
568681383
1541758743
1643030295
3189848006
2953588373
437779179
29948540
6735195824
1094007579
267928294
6672196169
9423665163
3281526631
9187845137
279699619
5700890547
52627467
6425043696
1306774439
371132363
305574620
50119846
3111786409
7469710
44840697
2231131024
4167110135
8545165284
2929379721
25702803
177146348
347788334
6654485189
1671545136
1987344292
2220689058
1314146877
1511241876
2126074751
2557889591
3062433455
8983644235
9433329060
978606992
383176002
236425826
339105213
173617818
6240640489
6969542472
1716809162
41598353
335214820
44804804
7001770605
1147345838
499824600
9164489413
1330806575
26528692
1816156
3077697085
2227724602
286285654
3655315484
1803886300
8458110157
4957155584
1555019757
1958581923
1974917165
214562193
3609781410
4239069321
8330695969
4761170531
4023356891
3133905998
56118498
8066032097
1533706272
7094200726
27894785
7820532746
8152294628
1415443685
6995676852
9151059708
1548205745
6862816621
4337805583
7119088641
4650971543
5465479014
203903263
3621444166
1158995078
6876325670
196705287
8795487003
1166303892
2998365733
390985432
5914622730
713850652
633222351
229365535
3285011879
5576282574
2965037575
7094979078
4589669537
7527173273
1355254147
3285027655
2205134503
42706374
7272968835
4769842062
530892947
4321619061
174011145
227199217
5377491289
3954651013
4699879904
674558398
3149087618
1819858004
219421724
4733113449
3732186209
1465767206
3209171703
8304909487
4945374950
292284647
2282566890
454421196
321148793
4726963292
145394814
9122921686
54941433
9522146029
8451260673
1959801527
6225124537
5817527538
1602131501
3440205043
9620238439
337702357
988013076
6967060541
283614172
8670823348
6873129851
5808985594
5896503895
1960107545
5703327096
951235277
2291227653
5511882506
8926228432
1171118309
2267699733
7131636261
5995618822
4289001860
6096065378
12732108
5327224004
860947898
5839819545
3083720659
8335865
5365680415
1554074921
1994865757
214449925
1374429401
8417909755
40151898
217073935
224219854
9233964814
1236947943
2537375023
3484246794
30480431
438392422
9259293263
291910668
7687596582
7645746985
7372976204
7371293135
4478950469
7561884279
8261172219
2173467850
4098572774
1435217195
309634360
3179506731
2084159051
1448315224
5442484442
4551197670
6294028022
3596228319
7306765300
9461663508
5918471902
1806269194
713147070
240329235
9142113117
9431217072
299654154
3060982
7293647671
2273423404
6245019905
320841662
519599217
1535173381
6210689914
307480046
314496034
356723510
1017729798
3039864233
6885875321
7050832100
8910300853
6682664336
2182247638
2363833993
3636134550
5635277152
5570415801
1472029139
8109650034
187843395
2902734307
1962848007
9969929963
522769867
9858018434
5729011638
3251552326
1700590482
260762062
2503233810
6087455749
769618585
8468884575
495993342
9727892001
9276131348
2052487744
1753969452
38516135
1665392622
910106126
4774932862
7997937522
4768042875
9845983892
7588681838
7877844974
8258367029
7153774372
1326375171
9266199015
2089539416
8381567815
9303590107
1633513784
1569491563
3135311194
8479317538
6295953866
5801189245
9626169371
209701965
2207916781
9436231471
1028604060
224598968
5573797003
259197047
246884165
1401829401
7617014012
3259268260
1774263303
1455102030
2432701491
53895119
2178961539
8726855601
9472804619
1730486188
603014268
303292902
1548184148
225940411
7759558310
42841197
2299197797
44435016
1694909278
5343204259
336660093
1566490263
7881646071
8927743277
2872255766
1640567960
15569141
174873143
780499918
3169697158
522146457
9519193941
9184967309
210516792
9039406036
268347690
339254152
4488520414
144301559
1027937951
219749704
1465675515
8712689243
323920895
181536394
30576743
2207948391
4187468831
951546079
4494193963
39915459
5383382650
1556613714
2363516010
467582902
1532154444
657625849
945930
1416736628
1395644337
1499691288
5999655943
193004683
312807368
1942575289
1227597149
2949608749
3463635895
197278033
26792206
209102585
268990682
5952472207
52797401
6976605269
2077229378
5321119881
233057881
1919322300
1261823232
1710226311
234064227
414696965
6846390110
145537570
5361582731
17550209
7141931134
5074738115
31401029
185909902
1226543967
2880068171
5152428905
6681796187
2515431995
3425319486
1445966738
1964218815
10127080
8996900476
2155724821
9294160181
182184547
7239559665
2016402725
639249449
30893505
2135873666
8170318417
6264900631
4235004568
3633849324
231761124
5687853240
1243456941
2231784049
2249414275
8377923041
3267455557
5479923904
367213
4086487453
8141628993
8601137203
5783727585
10130715377
6626050671
1424854754
4043285083
1261781718
2109395542
9343981
3295127066
197661439
3582072093
7585887072
2068016908
3461277896
1422320977
10097573653
992845813
4112773406
8611611181
2163866936
8478760589
8151728077
7618679736
8374495361
29226052
519548222
6690997679
1104260827
7755545421
9287359360
1489383004
8395378537
1467951138
8587162038
8243456254
1572901785
211610426
1423942004
6220036273
6799066273
360408522
6173324736
3551614604
1558176322
7314411998
6924695959
698970969
396349371
179452389
1556036037
42520310
145561564
3290990988
20739385
896194908
6887482146
4314338752
310226990
521530052
2127690444
313647446
38212357
4760328486
7309505468
216861610
1731060312
6341289027
37650192
2260501739
1392653400
9886397933
4346462038
1479223851
9001244179
27659303
247227279
9148496841
5537501315
5502221411
2142739050
194751377
8497239434
1445188656
46821762
286608531
3118393292
1231126164
6935216364
2307938149
1003448265
5835449863
380092854
7494577453
8542649857
2872592279
10099859424
6984343412
13433268
36659874
8587342702
2135850687
4026803329
8965757520
8208027546
246784095
20863181
8165100145
1484260684
1579265265
485764851
6286578142
14257136
376048981
5420719502
2134113288
6138496953
268473758
1918045594
7216733955
270315739
604799214
215469541
1999385419
241451515
222098730
3566768141
51001550
1395245729
5635359651
176248307
4937142068
276430799
3616578733
19164629
3924108927
303377342
9187708577
179073876
187017776
9428001703
6105050848
359251325
1620957916
2105650120
5639133325
27142341
6158291
5967117198
8651792355
1367708775
3520488175
2943034848
4358182918
12122683
1503284610
7232644432
1127480671
46557534
1529809751
187341756
6814239247
2897113014
1997924778
9771238126
2719914216
8014787975
450792363
6404326893
4223241237
1396366729
45599024
288180695
32234363
3280520899
9898638111
6248049761
192972157
4017512557
183218335
331182532
2006463913
9607936439
7378691867
6867675698
637955925
5454274237
226909841
9777320901
599909830
1463374861
4485737867
10115823777
8508805629
3996969200
317069555
363828239
3088375771
6652734670
8491579834
6251414159
1541974210
8471048427
6901891311
3249810127
1212548217
9765260037
3912442521
6689597320
261327610
9121448477
1722206204
9225962537
9906829883
450067318
299356967
5719316513
5008623058
9221311246
2230434583
3068284292
4345944886
9701252248
976539019
35301934
1300958119
230355635
1929107525
2255677153
262726803
9697388158
2267951456
3623935689
8305018
25533698
367431641
3486746693
1596200037
8772042345
1758098203
246012116
3107014013
2418324871
6961929688
11494620
3588923785
1070590561
6337106350
8142463433
7005011933
4700606601
9023028434
8509708206
349704648
4929363157
9127447217
5341732806
51901895
4623330719
7534001782
569773885
10119983812
10857495
3509880571
217339585
495122396
23858558
4557888436
2939393487
9613845212
10356696565
839526714
7517226500
6070422711
5048209658
8613459823
8540314122
10172723728
3483527794
521174283
3916420490
2339969576
6242181141
325896411
10274296404
2205814024
8455445814
7976509965
2047417253
392982694
10430009123
1680238618
1424194259
2054953049
7192769493
6233647151
808463914
1334381274
9851218576
3317095589
205660985
8483830267
4032294769
51675764
6173369251
7884682497
2213420849
9485811160
41929397
8078173049
1564581946
8397532121
576998450
10025472994
192568495
13614401
2097234930
9984459
6240690362
4178193344
1556615523
4557204925
1792290517
10584942
1335249071
1974319981
9190272278
2278848100
9245059181
31868361
3059466530
7379331
17047301
8109680175
5785772338
2113692803
275216608
2263100672
252474267
2580500845
2079403377
7996137185
7611177450
9387078295
2066561655
6911779164
9470831195
246096533
4638968680
7399519205
600421411
3174996487
9784182682
9427942123
5388649465
5395426008
1800824771
2654293772
4501678470
2116593013
3686796055
1288708111
5892416598
7098857924
10341261137
528577040
295602402
52086415
181740017
1488333350
2655259697
3052375905
4170890467
7682455228
10456866883
28589722
8601113014
1360249656
1315542472
2230337968
4457361768
8172490442
7795313400
1515208686
4975498830
1553250887
2529913346
1806658276
1942853281
51597218
535820458
795742569
3283783011
27925554
272756539
2324136774
1549231241
5742561582
205254899
4092434874
362295670
1302286629
8313287291
4119325986
374102528
4372627388
268646407
9061605256
1582016088
1504632158
9715690249
1583571468
54298521
7599373567
1948214106
7319996703
7277420
143801530
5700921257
8882783587
281955316
288814807
4198870574
2218387895
8523306624
1406611200
8357946066
8363205058
1526108857
250394190
947825
10590040331
4523143627
223136194
244581085
1450662824
21848182
1428161555
2072922269
400232183
10163117798
238739156
1478583459
2271657222
4224143460
173918746
1571646842
2542525899
4568715213
8730420296
1322554465
12614330
13369945
9620803109
23458342
398411110
1422398318
5661182145
5358529709
3397212
5393526611
32501803
2223340987
9162880421
345708021
4038196947
1340280842
2272644736
442536707
5354931474
209874246
3318725499
8692889244
8286657611
1522340241
45214602
8005514602
401504
6925596983
3942106161
1513010481
4159581226
28100638
2061911580
1287774337
184025839
264319649
25063766
9121080719
2113106637
6332301281
223918309
9137162062
2651503184
1364819895
2978327645
4143474528
3293017205
2297978732
8576483873
2263510639
5386341019
1796512514
5650856756
1610974488
7509656929
7407426925
7613967324
450262998
5681354310
1628915866
10236786219
8721605114
1589232423
27925705
6053939843
7123453183
8424314573
18657107
1791069402
24244485
8168783974
1140747533
2846832
8951070139
8755895468
2361073259
27209546
1324885740
400451226
1575866125
13288744
218495951
251130157
1397758738
1725738309
640885750
4020147565
7412104208
1115566839
349056913
442757368
3652674219
6765154958
1079704708
12249553
176906021
1069029353
10137228917
2229569170
10409758463
311901213
10597193103
16506546
9686187068
1145862025
270855284
10495875079
9950177478
216749239
1629616379
324594780
8616334763
1148983406
8230304089
6620423758
3412710066
1444377823
6260799782
6715901578
4378506938
763560457
8577292350
6641766265
3083651910
308327817
10237585751
1638125500
6314835432
1403732011
323055596
10441496012
199509662
1920027601
3848424446
4905987528
9509544784
2982773331
254682092
8297801146
4822330950
237408866
268443143
1503145470
5804759033
5388778989
293638178
279914545
9129577134
5864336308
734539951
1013379240
6519190277
6622697160
3120802642
1900622057
6821843055
10413845237
6639704946
6691260223
432030079
1556330828
2299782994
39661291
7638256235
10380084989
9646572437
8948716981
2243769580
1969022744
1486555123
10222023061
220574914
190604208
4789213322
6709897721
6123237956
368671898
427069349
220090535
7023055035
801483342
10162508591
2305734336
54664589
2198458537
6918557998
5473296902
235441597
4012419138
362148213
225232444
2198477509
1834509150
5536069532
6491462064
2290510886
5377194735
3591914540
4291651258
4786018341
10459491435
8163454873
6246178242
421052276
1827995720
42385701
8597178627
339670941
3960625749
10646468630
9465479668
8468198214
1586653148
4235035841
10122821153
8275887734
7501386404
1559394647
10645428475
8671529990
1670461015
3106939579
9433547538
9268381639
10119314112
2241460284
6794470910
218864585
31453292
2760169498
10716554789
40242707
5677105730
4285041817
452548729
8758418035
188069457
47078435
717430970
4606746120
455592866
48728698
10663018233
375708820
8251639230
4063402850
6853135488
177860367
5057405685
325431170
8891836432
217981551
4459154890
8366253401
39104542
8635876804
224995705
10584589919
3080302418
1941849553
144494240
5356740008
9540830465
3017143981
427520822
36299663
4005360275
2895341975
174612315
43052887
1707674553
1513592158
380669044
2347890728
1976249863
215061084
3214934986
7112008971
4370286487
10898304303
261566230
10134226461
2273773320
3885721593
1418058209
222404555
3619266557
1558376083
3077204588
1392125248
5919586939
4710271772
2157718705
230763688
363649061
406471931
1435858052
8147777328
9206742299
4314937
1142353491
7993458237
691261833
1712900144
234706618
4334216100
5776374353
209051862
10675154196
3250005
326875288
6069403085
1463954429
9249444650
1962205625
588320913
179320075
4658157332
3268455161
2871926146
9269570321
1611315372
273649218
3882440235
306391377
30679917
8670150628
6737238522
617942265
6897283836
8551676330
1912310715
1224223679
7961603666
205346570
174654889
8940244395
1969046395
1635574270
29828023
5607323146
3527318910
3687583894
570670234
8994781235
250398806
4879374226
6938119652
48504895
1359074885
8780206535
622431459
9516768419
1933144676
8581122766
1642115397
55610359
2281580827
5457658932
10694995097
55018616
835691277
9940414558
4246937429
4466806012
1321110387
333282783
228762365
344301824
45676769
191888359
1466230266
9913102594
181521481
1114594306
3469355217
581968199
1147319324
325851247
5557620434
10576854860
292902603
4151928770
1226655842
9244203744
18391670
207712117
206425064
7517996922
15565072
8751826693
6655293799
1819785105
44905292
3679334602
5912970050
10660733276
10813510379
1912085799
1531870374
9984150007
5460679699
1436344177
4219682289
8285895885
203650939
31378183
353566868
8701211626
6842386440
214950347
254537681
1588676202
6957727812
7184920
238879434
2965403045
4321991821
263499118
4365718285
3572649547
1577670346
3068118383
1763632616
1428233701
1377900500
1314715225
7181844798
5600706987
2320843075
6273733356
589951262
2356939678
5592760185
558975970
1814658508
15877258
6326167653
183641555
829643730
8346353740
10358380947
5701975650
9476874474
3059460002
463794502
10885694945
146200336
9388601498
8951484401
1534316643
2158474587
34225698
340861947
2243033554
10458727822
5786981258
1752551577
6853143924
1685522831
8609779003
8766039815
7069936881
25025320
6907541477
1577870434
30685464
3322992277
2143169012
265625314
211273814
8213935430
546004185
1417371472
22435201
251781274
226032816
2461577901
8162310536
7399075277
8173654660
182762190
5753032199
6288291882
2171614650
1324680718
7927759212
10701856719
8624864698
5885080423
1577463714
7164777732
572162723
983427576
4060715403
9545119454
1764965761
317921997
2172842033
10665372362
427786459
7466492649
2871478301
3941393192
8662035239
10681240659
9530025322
1730940599
4334333624
7137229758
2459095411
468395578
10366621331
3093264088
10140864162
6440481692
223889978
1483593590
6240309923
4554605507
8637114629
1430034928
1785089241
2028363691
10100587713
10096438051
262454026
7757879680
230335204
1791523954
2136852735
998836595
48588053
7167777078
1786188373
6923269489
9023590965
2228642159
8935703454
8008572111
5539805763
8790244349
1331550000
6869976408
1632121385
1436465849
8464541332
364341019
1443170444
494812000
10160601716
6788061308
7569280392
53873200
177277541
490698490
289000001
1559827856
16394244
39792637
183617
10365505852
8253653838
224929225
8366226142
3444985556
6478563110
8614445165
1364610843
1819586381
3172569732
290039056
50127908
360925818
5585752855
3016399495
6000631448
4675971660
16442383
5461845364
189764849
4200244537
7523212895
10471879054
6146575989
5330192783
10824320798
8742547775
6426250004
174014918
7718330
9279905114
364271786
180863550
9272939080
1662348027
2043878018
3321565599
7939668147
4557114948
329594414
5726208643
316254498
1696885866
4974196013
5963201637
8448546585
7441626057
23249228
3593283031
1909034457
8407585167
8085246797
6427091077
1459401585
11230013141
6074910064
8288911154
6947249161
1329515702
210280443
3574370180
3681775433
9204391884
3259106196
6480215060
1207895807
1591036850
1501900539
180842104
3078060057
8926493686
11113114265
4248045227
8932220117
1295238830
8381635398
2209317357
1544263663
7990056237
10916219092
197890403
36702759
11338561839
253577393
256347418
6977486962
308657741
11081050415
11448539986
44961076
6539872173
2435726770
1469439937
1464160896
213364184
8382965280
1544914585
24325086
1665190064
421839824
6500548531
1940537452
5511268259
3859354261
1602665141
38556987
4922133831
1122253231
489029452
1719297798
10884468758
526541558
39276465
1403908004
11223425421
176696830
4030477294
799059818
223309720
54351044
8377746451
3626843245
5892436057
255439227
5673747696
36695983
7748973748
10489327821
3970251435
551036610
4089720505
8414671587
3550156540
10638668544
2382045110
9502140984
8134641061
11349549718
10648043143
229849953
1394745681
1466138398
4010216342
3620839107
359146543
6211963844
8765609124
11348317669
10745502954
214962289
22113564
1288678378
3028452117
1352371137
752443384
5958074968
801460110
390350206
4988760119
10242905345
11355506544
742756046
607511215
11381298
1062726288
405081340
2051639846
513918773
2254977580
7474618915
8736471664
746809435
692393328
8915470863
8621930834
10950750209
6616968290
5515505298
1364876207
11552839234
8308433640
7935957880
7715297653
2180482315
5734098475
714180176
7641724187
11288905991
9211747309
278661961
5921989112
289935511
8278474118
1470130387
3957490052
11098773837
1338086582
510697829
11587648454
1307476338
11207190654
8380043116
9712068057
2081682192
3204895927
1506325016
225996475
9949313551
899393472
2205358619
1169098739
1511767148
4855538422
537884777
1536491409
1823997054
5944034204
421006154
6766126956
1740661095
4007999348
1481175656
9018863795
1153428138
7386194825
6377702913
8286846710
18891592
207462879
9236667783
4173451010
1690922531
188462922
8619310286
4866598706
6473947265
1914514539
13477242
1951173498
6980954789
11139533717
11609084503
202719333
8156632842
1401243207
5935513825
8127003821
1990949800
11043393421
52871309
43473352
278701846
8683269776
6970909918
185412843
7363406499
3536829870
187535492
5433453389
288803624
3941113629
1349042890
21647426
450392514
303070078
31369717
7398244875
6478565605
221215205
53521371
2234898639
180555049
3078450703
2029628393
10867617532
7889629283
6698469604
725716529
1389159507
6552693196
1445157272
7935286781
313888210
1071413777
1520374749
3956827105
191637229
7095201420
1454375657
238759773
192211215
366580728
