7657531113
2304231831
7091876369
52151315
1632121385
6923269489
187535492
7390096533
247924905
6680315365
46060226
4256480355
7634731816
1331550000
6478565605
1504829503
5574668393
725716529
333664620
289000001
358475553
53521371
52369901
7107455807
398529919
285895740
7770025771
1384254428
1445157272
1507335902
7746319603
3676480582
3956827105
3968455969
45509953
1611236154
7309505468
7032761777
3445811221
227767713
2209119157
1397484295
1946207654
6654485189
1468026537
514615858
544705470
1094703621
681341649
7387916295
1219484031
8015247730
2269039287
303070078
1530904032
191637229
1512864812
3217639693
897649132
231832205
596644219
4247565001
5539805763
5000025804
46919650
221215205
1245723255
3047536258
143601622
590893278
7365934644
1322791551
51001550
6606263094
1554472153
1520374749
186225465
5706126994
367194363
224929225
202729426
5784878902
1329515702
17201362
178772973
238759773
7783239729
262454026
3078450703
5530078853
272052151
49398738
31369717
6820696174
183924707
5619153786
262746794
182668001
790569625
5052987115
7772501563
1309298073
491291587
6026897360
7281325809
7688987143
43850017
2234898639
3016358232
435589421
180555049
4970552597
606820387
4314338752
52643861
36134509
278210807
1532695526
6934683842
2742155059
2288206888
743269651
364341019
7070068583
1626952936
1012162955
5611176606
404062918
6890434355
288803624
303622649
545092147
1350418751
7101047031
494812000
292912188
285264071
185412843
48588053
4029023711
6552693196
209114157
578492827
38212357
247309950
1418568334
7072610479
998836595
7557095450
7291519031
7670174959
238089409
52815803
7108537281
3428415862
3660478495
835258850
1401243207
6854278752
1511217368
27659303
2891548390
331413066
1472554468
2073003793
1347763323
52453611
629314155
1984501663
2308668564
2226956934
5752635632
366580728
6698469604
6947133816
7910657186
8127003821
7757879680
8131538284
7822193985
8156632842
8179380245
8269573024
1486282026
8366373813
546884408
5387875112
231535292
1905344233
3536829870
631745053
215380251
51944101
8366230030
243375479
563037841
1488072069
313888210
293043895
3941113629
8222963288
204820336
25599589
5371970650
8074130805
1921024443
8885868334
3537437122
1601363393
253601334
4313793392
5787758133
8319894313
8271855546
5951758856
8377923041
8331223336
537493148
296753355
5335823851
177829569
8066032097
7987059280
4862969798
592858658
356074611
3097961172
8264132970
584514728
31452545
8117616006
6351153554
8320356251
224953984
488614618
206622808
4767690900
1781114744
8240868519
1811498871
301650390
5408250568
1492329630
145514030
8117677641
7978945091
8367855567
227912774
269421171
6013672846
1478235603
3593292381
274354350
8218934522
8232021734
3249998955
8163462609
8220237724
8338535694
5981919307
3192037672
7414001246
256194527
6335283173
5833013695
3890799518
7348133914
7585123965
8384848474
4393587055
6170087755
8366226142
7563190886
8289705815
8056803009
8399527200
6992342099
8216894612
3285832243
5840461078
8339119084
1643598552
30833415
8390496772
7216911494
3212301640
6425874336
5749200102
7714240456
6215497418
1061081190
8437553036
8466930815
7218289629
2005263053
8338961469
6313294942
8439008584
2084159051
2723200430
3060764967
1558371590
4161004703
4197691007
496888671
8178787399
8512723527
2860383931
8087730400
497459106
4696996507
7540761009
383404897
3676429660
50901912
5770391548
2291646376
7188872498
1313497614
267100797
4073981922
2214294463
8427222570
6276393861
8244419836
182362730
6080248334
5787129747
481462063
8080845802
1485100669
6431365962
8532118038
7155104268
288414841
1012087789
8905140156
5931758925
7179576970
2231603808
215576318
6665963399
246447702
7622613084
2294643250
5585879182
3567818798
1245272031
5626335558
8395256546
1486820030
5400285047
1523042286
282756311
1143663708
8441955618
5811750362
6973727237
815717424
4401936910
181642005
1821275870
8017655648
8017785139
8072087751
341518785
8562722095
1436465849
1418866802
5781367722
8893196280
8249627702
8211239729
2335159773
443306361
222816250
41185223
35475324
2201618596
1104915310
511000361
520920730
8569737947
4371687012
7950043191
4029767538
1518329087
7576199889
3153079923
7270758871
226283665
713116363
5654477505
1283311678
8235202195
8552108175
7304336635
8207776668
463245122
7174821222
8493904237
8363220535
3525556666
8338227715
1738770514
9968892
506069324
319626674
7941234967
8280522960
340631125
6824796547
789611832
1537960402
8575301261
5783517024
4035567606
4866893333
399660968
444125257
1096447992
8164817020
42122871
6063907997
7372323127
4704149640
343780690
325633563
8122701132
1811616535
1506922385
4780967490
3453185209
1277029134
5616927809
550660987
337796841
1456391218
320902361
8562505916
1591764079
4096200216
343939110
284175590
5574184850
552644221
5320190006
7733112856
8323806564
8500800803
3524610552
8552437883
7732959085
6954044732
6819440461
7759435659
7587094146
185824981
8533207329
8559907633
8004570653
7988689198
5838437833
7507026471
6272118225
7022194147
8455679325
1530374034
5743176385
8333270172
2978649156
8376395640
1973620688
6358392795
3704739539
6658204447
8423620228
3069613822
831144
1784797931
2103356940
8010993872
8451511648
6869158978
5522972249
5960295715
1916220850
8118830827
7183137887
1656120762
8272088571
6392587868
4783571104
1353902389
8564933027
3498009956
1421437902
703076838
8564567563
8551215506
8625718981
352837671
7995971288
200070658
5522485734
1184974830
515355995
336233692
5962464177
320812981
8552952943
7148219820
8266165117
4148325941
3143342032
554812409
2054217209
8537479414
8553016
8992876331
8619591919
8475925862
48759418
8577894996
5614757534
7441329663
246882263
4154232059
372299840
580132716
8149147786
8936580225
45984526
51684356
287889464
4158480951
1451982674
1402750811
8182493804
2310734282
689832776
4818558039
2243065076
8598749279
5621948386
4755849022
8397825321
7465504352
6265138656
367618744
39484665
1169267185
8428171857
37613585
8437854020
499006681
1693871818
3530945384
7569280392
6316470482
7648473419
4741775015
8484463462
5574381212
4093417536
8594421085
8266579628
8499619704
7295621260
3400891259
5856767195
408366274
5652139328
6899826143
2336506464
8541723344
31807282
2084318063
7147100980
1754245282
8542521290
7493365307
217467812
8555175900
1705346052
389278226
7748256309
15988831
54271216
8169119208
1940760144
450188214
7669356011
7711667775
8463197905
8265951774
2477751666
4852886721
3428396364
1576250061
45308907
8531152631
8538314703
3552371020
7763718083
4012643407
1507159996
1375505475
3897159173
7481286777
8196773871
1647372092
8653388572
8346440283
3991868776
185737216
8661261348
6029243050
30919193
289298916
8321241898
7501272584
4557114948
271024170
8973389391
8457623549
8721605114
5450970882
8052187923
6982723365
8316658843
390190683
7654800526
6119189571
8704012461
6983817605
5475486725
228310809
4158558966
1624339469
3026535048
8391080985
8485167581
3269191677
1316171184
4133989819
349093645
696120950
288195071
6116913491
4246805790
8505349755
8602927522
7105359580
6314358466
7583658320
7306221430
2679836976
2416839822
8120195317
5603843857
3018110580
400508618
4585700431
14838211
8097714135
8323378042
1915438114
8336132240
3554435370
8888165271
6863254172
516355060
1466900824
8426291473
5747334655
7249866617
1483897408
6840678707
8986860622
1355604172
3965847546
8659856367
176667737
8517441941
3037048
8438844521
327548595
1459401585
1147871416
203554667
8699596541
8955564761
2960000520
478256061
1434380601
1720534803
4278310249
418623458
498553481
4664542327
348004424
8532880792
6357518237
9047141141
44704308
4352705468
674369533
8719243796
6647298077
179160336
7888241
5857415675
5510035568
3095257430
27780101
8637223350
8596815392
3506595227
36057304
174106930
5738090290
263277836
3588238262
501051268
7843771013
7552220
6264833737
8575631059
6433467870
5107362531
5729043485
3583024991
4684243015
3434385014
1806422065
7336981344
7866963815
8544516501
4793573013
3578391444
7317629591
4835600798
1904766667
1644456481
205078213
3298446931
8924021821
9066364503
6681135630
8634442670
8909566806
2228698619
7765756666
5207014543
8289299007
5906812357
4391904195
5464335804
1543166960
402048595
7128136010
5375278907
2363408692
195533321
7419849985
8503916208
4973077360
1764473683
8092455640
1833916976
7044677345
368308067
6153672824
208800378
6201372523
8379243762
7182453869
1449582790
15271969
2280615212
2990260159
418637389
549804211
4191480495
5822190
2203536692
462750024
213576011
4111880992
6066704679
1692457946
8302501824
394600674
7910065034
7699195842
4225343314
2202851230
4710081139
4727351334
6952562048
2137807
1569105309
1458060519
8988468745
2138308132
2924352506
45901035
6060534940
4324210268
4776503467
2122362519
5469988741
1412489118
8495295160
1705164117
8157485937
509070154
440967013
199823863
8124968502
8758012947
4838638444
7064013232
6868897844
221374896
490440536
5732077275
204446125
8068155938
8128772198
1642860237
6007252561
1506743068
6648510234
8004052529
175855532
7021768365
846575753
8449348567
4454629798
9025501775
956754616
8626715979
8929022437
7505508336
33944018
8718780125
2312475803
633543363
7330396508
2324839
8620180302
5655358680
8943517743
55536219
8420891383
8625513608
7523652033
2796891392
8656056892
7737314313
303675411
7698870691
8765491453
7593226536
4349185146
8514207249
6269465415
4557196381
8249351747
338729348
1358969038
8655933891
5482581257
5316477265
526351341
4515574911
1772371160
4237208225
8790244349
2886716885
7849559987
8432578711
7975436515
3229697405
8625718660
3201105513
1467454558
1983301793
7496231202
2000316630
3562739234
2077559727
1145091617
8153895863
4686341516
5666369687
8411476407
7587470074
3804074543
8671490248
2042443262
5361784201
8749324731
449333140
7494733438
5797319635
6989629206
286289589
2946268734
6886113597
4102688625
3905009711
8987493110
6629203596
9043140276
8607338534
1000726863
8949718592
397021324
8946389824
567067077
9008996144
4774538023
9016677683
8902863575
8510545346
1745165433
249630347
7548018237
8900941568
8680448264
8948631651
9129476508
3913408732
325740700
181089556
22358150
9149218547
7293647671
7315707275
8560247153
8754450198
34948664
5634749876
1728640466
5787275944
7086467923
7159015046
3257927989
6148408685
7770976594
1677726035
9142361158
1513159749
4132964137
2273873218
4245172446
1278199286
9126755752
9148146294
215415165
608550500
1699965917
8638203801
3888427535
8560781685
476126542
6721591247
7404181775
3151275180
29652900
1070004087
1229530061
8433196279
8965716868
8954366628
3309267799
9125812161
8150664993
4194027482
639328639
1474128815
5678197495
7027024400
8533882891
6883151
9126579856
5742652999
205435254
341411353
48530501
7299840435
8328443149
8253647027
654836962
793574939
8612486090
1752961480
419605251
4477286107
6440670479
4364386137
7856336035
1923561912
43908404
7526891373
392748016
4432530764
8930950075
197127427
4169421819
3176780525
8952031010
7939869972
1603037361
30811450
9151769541
207992854
1829395261
7296495475
8424779773
8247977752
52362585
8935703454
1786406207
4470933117
1473949519
1583531587
7950218001
1448426884
2356839230
5728205967
1476359477
4980085951
4370144492
1088876090
4130204885
1956339703
4875708619
1131344540
2041653938
7635923090
8952879783
8584096007
5856437592
3175934794
30456780
3138233917
241508370
5603456613
8582087562
870334747
5487319805
281553572
12445300
8144234
5866714456
1393025690
4151510327
1925460781
19470275
218693557
1523043752
6377686529
2323825784
5916217854
6114301370
7842101295
3141929930
3063503194
9241240230
15783213
9072886981
4764755090
6199098835
492350504
5418063922
7328185391
8476403229
5819840218
8997430134
553242240
6253605687
7686585999
1368909440
4353161955
7912903581
7205266028
55554391
4621665479
3853158147
6896879539
239393270
233362612
6066463641
6899023911
205005620
303795124
387309894
11062919
4666446517
5817837490
4774337084
1468345466
858924050
1483725057
8635010436
7205858543
508007232
5790776
544716147
2293693924
2083849786
6313641143
8745578358
1542410257
1533804531
1931890813
2537902604
27278141
6120569275
1128211257
4426877353
9033717216
215469541
52799214
7148088918
18645377
7706170545
179347875
692657
2535378216
12942166
3962249048
371843042
582129627
8122698254
342134869
874025517
15956405
2002477312
41761198
7191880318
7492686261
20944646
6120649415
8640707036
8608106920
1984670692
1410567055
177822700
8653585366
2460639921
211448632
8766633721
5390479567
1473738830
8340616004
8729207526
6782646239
1220671401
1458971262
2244444946
6874554025
248160767
5340667540
6010020940
9158289530
3106502234
871835804
8752676732
2172884771
8682351376
426355069
9241704981
6345023274
7546357406
413792270
12301788
6119826373
2056044402
3132357885
3439641571
6001980329
8384183951
145529890
6789769507
8699093647
8696457872
8468392824
9057157056
758546505
8716788694
6447592333
9136656209
428274704
713147070
244063692
5961478139
5539365769
210561442
1239656300
1532576186
3093006725
146206220
202161502
10838621
8726141740
1514849391
5778860940
5833771709
8426423302
1582054707
37147906
210002182
8746040028
174042304
4020249152
3264114263
7341630048
297601554
6294360
2245019592
19883809
9254760846
3321707294
1317843082
1176402221
3321711528
9187849320
1756791815
368726228
8003986451
3020862544
39792637
4065116712
4100244827
8755156348
4631143466
3321686698
215106023
2768562117
3268317390
8792565912
1640750317
1361639186
8681674388
7877844974
6079851963
49383356
39867144
7373404582
3321505530
8675619107
6260847975
327578280
1314146877
3124629139
5670069889
8895716619
8725675154
3044913792
9015783864
3409369459
505195814
9201954889
3099803252
8181714984
5788360750
9206282580
3069871713
9023590965
387865757
1329904407
3919080169
1216422585
248783189
3321676768
6122044157
370963508
194841177
3594012063
4735672136
6661617108
966715530
1107467069
428502644
2987390128
6741968203
3321565599
657799652
8782306536
1669477376
2956610586
4049521987
4784002720
565609029
186384910
8269823371
1791523954
6981540357
2010275029
2309630570
8726429429
7405526284
4779347774
7759290481
7167371791
2280087537
4903392768
8582085953
2889645250
1420625307
32485079
45041188
1504692880
4169587939
7881842262
536413637
206914356
184605335
536637255
8787178432
7645710474
6828644091
215490548
520780050
19463109
7211507839
7782958114
248978432
404604936
3055672064
9164315458
3281613613
6030642986
5432479904
244797917
947046132
7888782164
1447715796
5408897322
1430144487
200216192
220818312
5607001544
6894302629
246349880
3322832339
7331100697
496795591
383213177
7551078886
619470882
8102091949
7425871956
6692639713
5763055836
29177607
7482614520
234265078
8055910392
6034935167
331163775
5413438148
449899590
42961767
295032604
8210043679
5455162679
464274956
7033194868
3962042818
471194742
7559985132
5647419556
7171397341
4150902348
7492885698
2956699807
2865013550
45871992
4769388986
6207275579
4354457251
2097107102
7332410809
8789020122
864955588
404295690
4664171744
5514244487
5612703084
1461431
7152396625
7877102055
271910863
6071829943
55411212
520796183
4017719084
7842775851
1639736328
348521659
7371724889
8410871976
1507219531
1106397663
7546127181
241051435
7795090079
7759998711
7657904599
1313414295
5468529609
1451311305
7198755905
19239195
1749950295
7016420319
6767502348
4191084825
3946742958
8764035334
8635193227
7147750400
180666199
4439304252
54153039
2087469752
225730579
7538437590
1090468047
16593573
4100359546
270056907
8931437989
7814837095
5664207211
3605745199
4250123163
5698263060
3535636302
2055393483
6894612303
34647540
3937979670
190779452
186549875
7573446669
42271150
2680963439
8723344454
8438546904
5833263726
1303165895
1145677160
5717207953
7289068824
1116361547
769376807
4131043
7506759034
576937206
8272189123
20053437
586835058
8490983275
7716805071
6053122436
444100812
7683612106
6688124696
5628413355
1414204921
7535280559
8529711962
1450668403
4159111860
7332762915
8752915293
9197432477
6211263384
3087570672
344807255
7538435597
2092364418
3938830134
5783380079
1529460824
264451266
352351446
6737953965
1441005286
1472137011
8146228985
190271296
7312805412
1457635091
1090667876
688053654
8421248844
7144249515
7634741368
4234020487
1609600132
7931119139
7544701331
3167425753
1791962318
2218270252
6644668184
7773584784
5862797571
6048142447
6111429840
8767196777
7436557376
1611871060
7381084267
6215424489
2349925
4251449263
9053630517
4654882220
7640416176
7322153595
6995779422
1912715883
4987032110
8498770629
201200526
492584212
8783408667
2092519202
6837569879
4029447057
35373520
25610518
1524192189
6247945
5876580641
8433364160
4547688801
9155886191
231524
3114673329
7165267830
1917235965
6039914102
6134635690
214454258
8201992301
8026415122
8897382761
8026006085
2493690712
4100057338
3433168035
7142640482
5937874
28407193
7709628373
7699845981
2281894871
7875408518
2142749077
194904804
6121479694
1718585386
20697022
2657524
104949987
8560867353
4261882441
5935191909
8730857031
2257733645
6006903740
1461177069
8762691902
375933044
8174787090
8544689764
7385708085
4867998564
4660115408
9241049145
6193323698
6905297286
4634678685
1612932586
8571765398
3423244114
8746508567
17642422
5870740968
411424283
8789682486
6862145636
354461436
5854563301
2241447529
5958995826
6952097614
1565794173
6242649942
5756355856
209693100
6877463109
2122001840
8586594053
1939324402
3015036105
339845107
8791989206
2021238909
317699182
4242745580
7885409090
765052078
4971880895
2313748481
2316551774
6516819378
2988410371
2013721994
586982042
5543259800
6935829370
5856490584
8214711632
6375396991
292984536
6862052550
6676425558
6891491759
267880714
771922348
8788302462
7232621523
8692406493
2231131024
2336928943
9072892569
795175831
8056955472
3167982546
3974477116
3927853430
6014901314
8774135037
514561979
1917755320
4757972906
4147845145
3401813076
3233414713
8475429070
3527052747
8487585190
8309642831
606315606
285729025
1587002697
9185473497
11491081
4911077
9156818476
6260464381
1429499544
9246658977
27450025
8782479399
4162559478
3990458388
7008273643
5901226207
7095899033
493348721
202390392
356723510
7309230167
10951210
1237620386
5887532
9120758737
6004237217
6813618712
4837949443
8481203525
628728512
248259782
285624231
8690842027
6332632225
6003279340
6342429464
4297111759
4913283149
9121209443
3854336771
843361885
7545736795
4726193963
245906931
2113550100
6172021521
25829941
8596741181
9053797979
1589351632
1137956546
3039677853
43182978
6986015040
224805755
2042848189
8916710508
4098572774
8435454813
1915400401
3077697085
4034220166
978606992
9164489413
1594023010
3468611258
2950814021
249971271
7042805711
6857652123
144564257
8680262861
1471359219
8767029867
1688827774
2310187209
3268142181
8137206101
8474508708
8268823889
201896334
8642020893
8008572111
6147758114
819871044
8795487003
3739446667
1562450297
3609781410
6762800110
521945096
7014775416
5910579858
6934126843
6028457708
1287859348
6667028860
5820592457
275947621
9161881468
3651933428
1943526603
349667170
5345305350
7063767903
8583784445
3681775433
1606163520
345538199
4140560298
7167728119
4825266526
9123501587
1465767206
1377508434
8325143506
447343507
5965651653
3879409642
349417220
4773998529
1186018744
17441882
6791401438
8232480426
241023964
6115566002
2243033554
8683425205
6647892205
1098458969
6997316927
8708849667
7600893230
2266402382
9063270353
193823743
8671097909
36407797
386018137
7721413475
6431773348
2270470334
286022845
428542078
12759070
7137299810
8523371550
6967932583
7940799847
5921753084
774449490
3703393128
3630130867
6355187591
1352292138
39645436
1635028921
6602939359
1278488499
6180253687
3425319486
3015451315
8080918269
8308780686
3468773421
9264187021
8330695969
8144377779
6918982555
9126539544
5386222802
180565659
496227966
5500072861
9199676625
8689468701
4028569391
8260038590
8160885149
5780736830
8924167193
7428390875
440377047
4816539469
2214283996
50555445
8242772356
6192935358
402155625
383195510
8419842131
3219167389
3321495091
1104236045
7286432608
239678112
6979108261
39995572
1819131698
4981456904
5930075900
4781411674
7306765300
6012820176
228879592
1536934661
4030465146
416104304
5412663428
1014129786
6280883245
7008000610
9484679547
6710652973
4973368980
8721183132
3230449972
8168390372
5852254379
4315394758
8163640308
4097452475
9877069790
4360016063
4672104189
6087474377
5802357070
1438597467
1505493008
5924388061
1699448356
8066460428
7558118352
10840259672
8989020444
2024906245
10148862200
6018085948
8590849289
1941021659
3881709712
5355751661
1228731456
2261803795
3981866282
5508039628
8476311047
9051173343
2112077116
1272577519
1202388682
204751220
2359054941
9620898573
642010274
3424514917
4314786867
5882145031
1981898439
8154185495
593929874
1415684519
1138126710
1621024658
2088709068
3513044043
7386073924
4199290625
1926403227
8251085457
1088726442
8618546841
6633627174
385864509
6284533076
3486246134
3026644583
7618672622
4117286311
104933690
9010934387
4354750904
4858633310
2305310872
10249185152
7944518707
5664078603
8599841050
10457766457
9902138639
3282160688
9859206522
322009434
4871941113
3567677724
7759473807
2610980920
3195178479
320024155
4107465227
4477040977
3660111597
6990228814
5408150428
1162982765
6912655122
2123828618
1582721908
7029703445
7588433660
3604118225
1180714132
8552085105
2259314444
8954629420
2303293156
4170183499
2189183463
6650485711
1967426803
5740755213
344224827
7579563520
2229892516
6187072366
2553678277
2240187689
1596507839
2719099331
9256156720
1961513556
6627619300
8395031023
478398408
1759734267
938059785
8162071183
1694786719
4271275329
6001583549
1379000577
6076964839
372814729
4029726715
8080313784
8646650333
8938876872
2043695975
7633497714
1719562769
1940681787
1568806696
1334335896
5704478436
9894929372
7807806261
8622780764
4359956400
3514357548
6539021131
1049708110
3240272869
3144529540
8302027738
4970728535
5959550109
4335693761
3515832298
1835734950
10443984570
4788614283
3972916716
2154191474
347245601
4337092037
394135285
8719555459
1931527250
4126708171
8472356075
1364430933
1815339537
401070877
624333118
1906644243
8163708903
8957750891
3983672626
1238155339
1714653864
3168719643
7309049389
3136395188
3288009133
1500404954
2254214055
6341141038
5685715342
2343520347
581952668
5433997411
1112274924
4541732716
8267338509
3651868543
1480409739
3038004830
6964825953
2135921666
1410193931
5618740526
377580022
1363359625
3235924707
1179874081
8598499216
2046321787
571122868
413756177
6816146595
7310498977
751977842
3298821350
3129894983
2166299256
5331718581
1478242283
8158517917
10001930425
1579101339
1057726113
6026599984
1548858584
2214023770
7010313222
9918508046
8484907621
488050700
6325617372
4178241012
8196623924
9649701893
1378477634
1928347860
9872458887
8331739
7594823513
4239975134
287640908
4425055812
5815642695
7908833962
509653698
55997616
7268417437
1783884222
581562216
2032432981
2227314927
4781366468
8359135671
9398146733
349121062
4150251947
199085017
2534331898
3194301501
2707940399
1785132173
10451814428
10113765482
661922976
5677921885
9989319077
2322722040
298085512
4983362323
713541824
4904766179
3155211910
8283585287
612421413
1422577368
7870726495
9305982154
6970008764
10419936081
10725402648
10631092500
212249289
6045760695
8363312164
8270947006
7394814988
2434329330
1931291011
5932806456
10143935928
2339984271
3272397323
4526165551
1312681172
7326124967
6082734375
8362861023
5742325170
1693296679
3118922645
3563582687
3217075300
3463791420
10855176561
5598237697
8563728014
9793183893
4615334506
3543543880
2000914163
8022556892
7291047956
359966033
8483510048
3191342468
6953495846
8578447628
5979910941
7088740763
6919546148
1147593717
8905364608
9410952106
9967060992
5863014119
1708598307
4281240775
7905856438
8282792604
9687337622
7291334993
1116079563
3968696959
3090103035
2314662761
1284816293
1447580763
2218243840
5575305515
6430916443
3245432295
10358977408
3155166900
3631715027
526660984
5480484019
7420406599
1389004438
10143501637
7610237790
7848911481
3663809866
273792518
8770843607
1600123700
10577836745
801943112
8448792975
1790645896
9931266522
1445188245
9135890598
1131490943
733197825
375207089
9300838972
2251729079
10111245113
5816667258
1040436040
6257998608
8492956599
5937600672
5822313171
5877360234
10619447943
1535903324
6988427565
6097838098
4709157503
6189457011
9990574098
1644817104
5593181056
8028342042
548159489
8513825883
7530915013
1320025201
1650376947
8154126795
4582254881
4221585970
1531823169
8349409928
7131937006
9053420779
9870128863
2336317080
8538825650
1743254172
1159226434
9887570530
8027087411
4156483502
3258867712
7006807437
6984770633
1764829056
2100093645
1441634833
7406458205
6743523562
6097183829
8096769376
3640352055
7727220077
5455697231
1492729514
3625892654
8201875642
2192116615
7308868879
2122493710
8010685985
1389759034
1157085747
1567133889
7028536983
7310134372
5969274222
2324183162
1099116022
3660423170
4898156558
1238661953
6679779957
7989290539
452782048
4123238736
3006031322
3256117716
7975391387
2117681193
11075424217
2123506737
2080057648
3582471917
9008573235
10089880894
8885342629
2085127376
3550924213
9910819301
4097221484
2212497491
586053844
995260504
5338681747
4263686473
4431396542
2235280125
6640511509
2121882303
8395845599
7733082867
8131611706
2311424099
9720678367
8178761650
4496399951
9764660700
9278115294
3530570847
8489020085
511768299
8454779944
8068777080
1538373354
3277514467
5796132921
1343687320
9263079460
6983083027
1394023044
2325591946
2228537775
1291265313
10567715511
10620875406
183934515
2024073090
5986845298
1491996374
8262485455
1907464836
1922806826
829933968
1399624538
1924531861
5860956055
8575350526
8146303749
3564842769
8538599109
2176522649
3014534195
8542773048
2017401639
10512154572
6671121794
8665829639
10158796614
5570369896
5746220841
3142210974
1178036874
5575412297
9025676110
6972758168
555284936
6046684246
44640918
5596537055
4112074160
6253538218
3660035725
1791549821
2421018288
3209784126
330556269
6836617483
2581395014
1635796530
4627970388
2998584611
2237345110
4924728109
8286246922
8273619377
5695712791
6067546197
8746884834
7446855360
6484737435
1669733519
1484031923
10724525943
1687750518
8074933138
7975866988
1070785684
632026731
6916740401
1651167038
2364392973
2299599320
10098032805
3275200458
1582544319
583579651
3165033145
2095006574
6242714607
5767049595
2199513057
5636594184
713199318
8252567397
1583099559
9210723086
9905068551
4971196045
5359298464
10900318303
8366873514
8310717710
1394963349
6800239146
7503035669
1352822784
1643337593
4515815891
10136606816
7538825470
1554646974
6297605279
4114794544
1811324333
879235626
8427858804
318462661
4371111820
3920031067
9213611611
5750483618
1532589782
4390438860
3560835070
2929080182
6319797795
8041798732
2289533632
2464205906
10157690032
3636732711
785283324
408140268
8262460234
1694858162
8554821798
4478316552
2077654130
1908968780
204193733
6817635409
5632374592
9283797776
5921752090
5490759874
10459782998
5541045396
1313995744
8317278115
5792201031
1651083103
1598816616
10893173764
5470855633
308962494
4304030118
7399820491
1506228849
1979017983
8910701896
2203366970
3632877632
6781571539
7284543859
2990173215
1661305184
9246572643
2017044230
6172498891
4949505071
1507412390
6008198555
1007112882
1467849856
4090565142
6207686731
1038326737
1611167087
8373132474
3170954164
3517478005
9126310824
1528322310
253517628
2031048645
6541382087
2428714039
5425542962
6768200338
2273764268
2264254841
5826383484
7966911911
10594456706
9538209851
4195533802
5463949850
2517749894
1005539613
615548301
8550432390
9064925387
7597203039
1556030291
4291471137
178735927
7058679280
5627276181
5016713795
1477989509
8283344179
6655516917
1580173672
2242863438
5668208663
1626703405
2799171721
929482145
759246699
3772136423
1464728073
4216731380
2203307223
5062004117
365244768
5941766265
7695268620
1423106305
4290339930
10018635551
1279899875
6754647442
2004200217
2325126660
7309297871
1420720013
2149058050
5071659812
9166329766
7060578802
6698068573
6833655904
6115952632
5525496344
8540108375
6082115305
10908280707
4264449729
2288017480
9794077284
2588827885
1476385622
1411856077
7450606808
10080025255
53913916
5587256286
5802141978
6216086066
2041295482
5556236961
4538682760
3908413399
1531886047
1788131343
1034399466
1457993407
1425164502
577818018
11042741471
5664021750
4790232267
1324932872
1823451
6100088419
296555251
5431586199
7507579901
8477784136
1558909074
6014962497
3897474847
1231844617
4283691481
6321208027
6841522848
9757469923
6711036344
10629660761
4507489626
338557712
4643081064
10822119794
484951584
5861898111
7848574828
9211982109
1622060663
4226974654
1275634681
6107069581
6208436736
9689875873
8009248451
2065688609
9758357883
1278089258
3174661984
8106356626
2258742607
7630283999
1724088494
1471566673
3266059192
9532664308
7774481737
1303389479
6874978355
4046254244
7245570941
4309706979
2017529299
779766450
4228727508
9166967183
7219563819
2296109238
8552755327
1578234543
3017055002
2344558755
3844784568
2079249738
3410639357
974265613
5601327013
7892497604
4927023959
6672960346
6133692858
1428599629
2795619456
7110510319
2236985487
2291960765
1675709154
3637458173
1768525830
5689835045
1694744554
1392823418
7865528010
3769071452
3915454992
6594678251
11201380117
8251183137
3607492159
320753658
1937799680
6672742922
7523463365
2277612648
5679826762
6536814228
11042384963
7752015320
10161073498
5476618289
5373413717
1397184809
8453068337
1279848443
655681775
10891972217
2016488710
1970678588
1096044322
8618875316
225965591
3270979828
8722124680
7234837511
9759963266
3480185917
2070054344
909701784
1163274585
6942644711
1546107246
7457609950
7049896412
3121472736
2582803165
1814534504
8512550759
8957108179
8659550086
1560716515
1831126169
5430371202
6210527576
1219499997
8673008061
10437761086
2035932451
3302458627
10870094898
4192127453
5901348121
577688772
3095257437
3052731047
4541589484
7671158870
1624577351
2239587144
4621869751
8967156440
3146799288
7320196504
5824489385
4084246866
8269206464
9372132194
8493643567
5591797831
677114689
5673039121
1418200441
6016586431
9642637293
2349697338
9772469780
8292619153
9307832237
3774160111
5274534409
192464906
33061160
45784746
5695889968
516408003
2240117819
8627104057
1535266945
2236532057
9905829526
6246985313
10865913640
1354723364
240875348
742393304
7116920881
7387456165
11048313990
9970506696
1452554296
1543497031
1526340542
1254390644
4944854963
8745946587
3277971644
6043088131
9152252463
616358126
6494176748
2276822768
2976264984
4534437699
3478083161
5520781724
1444245545
10224150681
1707177643
5114663584
6704989853
5753820995
2517806026
4485196520
2274245420
9166379824
1308497399
2308372281
4470762574
10029733790
677515995
3495917507
4173164762
8601729372
6824806554
5660712254
5912669289
7679527572
2327535907
1459556005
3233577526
7443915531
7363490860
3053515571
7507030607
723317177
9407004607
6518823680
461713530
11532609608
4185980140
10678398922
9907354268
6493972140
2165669626
7648480946
4769519429
3240756245
5491432993
4165495651
4490984295
6732407110
1453522953
4018590636
10219158817
1943637135
2033524074
9984626438
7145984798
5527304354
1598868183
1545058066
10588568554
5525335516
6732899678
1399670781
5555874997
6094692357
3289061863
8759507319
3050775531
6155080502
8495227738
5804685039
4167468910
7440525077
4474591678
1550468427
2294704304
6002504574
4808973043
6762140371
1504136582
1548357592
8556970329
8769970585
2026978618
8718193687
5570155212
6398416369
7330304749
7946680646
10377479344
1665177477
2158410435
4868738330
9719504007
3171869950
4115709851
1959342986
5801750291
8209780739
9164685606
796152759
1599064566
1393601160
8416257153
6995956195
8540203108
6608984954
9847945501
9678859107
8288679209
7601764852
7533878671
1797214115
7406997364
334851678
1779583113
7057106210
6125037546
5351491104
2250120852
1604348655
418596810
6927906115
5690103989
8696420678
2285850979
2939412173
1923391607
1832378583
8637782852
4264441417
176123710
1534563831
9604613666
3259265526
2154931018
1616518645
8641978134
7883897384
3546255530
3967081353
10331581339
509658169
5379240365
2272271000
7032445319
3166557213
8626950507
4169990962
1481293776
7465289231
2037976199
4055191368
6725002825
6724264279
1998103847
2943875970
7657420038
4226153138
2260537891
9040654006
4227800243
636963406
6720623206
2237323449
3532966325
2282222213
1536698287
5328941738
390414671
6292829338
4929405367
4765869448
8963261102
1378569232
4475396219
7900010511
5533671487
3604203930
2952307391
10482284106
990400733
1185228961
9306294606
2124546080
3247773979
1553405632
2206958436
383328646
1630573896
5628529575
5861855336
4075182430
7015246212
5876598832
8140228129
45362270
7702067707
7357930606
1374462470
6945696894
3409207522
7277631192
282118101
2581981106
4467676530
7155312697
1679355593
6923617509
2537393361
4860548000
5931876831
7584604205
6785244727
9403132988
2224471191
1496639014
3463167582
2104211268
1607890121
7381905928
7193247722
5543370179
8973918208
1911039172
10684489278
3122682494
7055866595
5586757638
1459900568
3599336621
1689452152
812591246
1400468733
453438905
8618662895
855897931
4582595061
7892459084
4315513438
209899235
1823616031
3275168681
6027272774
1786045635
3406485391
1182158165
7184859093
9294985432
1719383165
7067833826
2218167832
3251453411
2359834118
1644903117
487687980
8592204332
2194964421
1686397952
4416783200
3188779039
1832344372
10012393226
2237268344
1596893597
4148238831
6827362452
7183130831
4758620333
8303087550
1323862654
226106580
4457664328
6939590281
1976589677
445392850
1621581897
1365455950
5595617137
6221812116
4325104284
9040132425
9994904936
7982031752
7795508010
8118412044
5867491209
7048593053
5941023881
1528513993
11651211555
7903052939
4124780385
6655104934
3401724367
8243757311
7560627993
6421609299
7351545954
1283721669
5671253940
3519080674
8155564223
1966046936
1959528400
1820864548
1617423150
1931629732
6624296513
1396635714
3175185888
1474065254
2216159835
7581223367
2306299569
3959191110
4372842379
275715545
1795301526
1335599947
8697043493
5504163438
461238054
5928950603
8223785127
4058318965
2016988777
6836735193
863804578
9224196229
3037105884
1766437537
7424984618
1751268709
6382225140
6206495329
4284890886
4034321939
4399132355
8643240109
965551859
8378198966
1537992437
37132374
10507883838
7486246696
5459306180
7749855826
1956206048
2966224020
2941218995
6700833287
9620118490
6733107399
7724245361
6831007944
7622529053
6464335214
2276194916
1224126575
5446872234
5391747324
8395430707
389788809
2066137233
8193900656
1286822496
2038285521
5807846571
7208527065
5793478548
5526498921
10610721003
854933871
1611783782
10445094969
10108640984
1692219955
1910505828
1615211345
2278384363
2746278247
5342003466
1367178719
8081684673
7281559349
3106842925
4063417676
8212088575
3726317059
8653464379
6032352901
4711078226
890634204
2012979599
8519828725
10697167705
1423050444
5440536614
1601449727
7213676338
3017839078
369544441
510142468
3149553033
8247946071
7214882388
182285455
4004965143
1391623594
7719875028
9453052206
7549645930
11626145795
1214610335
5481908530
2235042034
3481857077
1380992580
5778036507
2189049073
8917622509
3148068951
3453489640
256212396
2323300037
7307859647
3468578074
2665263540
10438822182
911517079
6741699138
8720554330
8186707069
9262771474
4848653890
1490969060
9267527175
7063110493
5991445766
2881811176
9498786772
1756456003
10388809077
1365669791
5692553431
1447679535
4284300178
2261067880
2199485769
2129537475
9667086268
1099588637
7482957460
4586764445
6012440944
3129576329
1529009621
1743951035
8204567175
2014619998
6737930163
1419405455
7045882884
2081895472
5718759470
3177962811
3985348480
7971409429
8120886509
1934568014
7063031606
546577595
6636474007
7924767013
1314437563
4194634786
10323635173
2610904316
851216256
7756962622
638520882
10977425387
8266732042
9727881630
7380301244
457203130
2250745089
2228097102
6891274057
5780052198
3933465675
9042196525
9635319950
2155971398
2468230959
10668903421
1756972296
4785239798
3678061966
1189442718
1988201274
3971920578
10715579222
7952957012
7419257915
1763004666
5511055533
8700164915
5408987214
6225823688
8054419654
6828476920
5833209475
4246097028
2311421173
8737915017
234881425
6260153289
9493012757
5639238194
1906133282
3227074895
9390766092
2135060393
8766372442
11628153692
2437247248
2144254535
1925937997
9072565312
428410621
5588311799
4371955675
1476126750
9222222349
9863212701
10023455649
2284905053
3483780387
1691627387
2088940553
3049300912
4708709618
7292337973
5671742984
10025514577
3921755412
1587865527
10162228362
10839904775
46351443
6291861219
5870783945
1604750993
6707618043
9386252004
7607743845
2369159140
6077646554
2153993664
8543468421
8132115568
8120419982
6672638138
3049645482
6853116464
2261434433
1963074461
2283233255
6949115700
6288243105
1440624349
5763341614
588005874
1388631459
5695379066
5789112051
3184898913
476503557
2497463361
354277591
6438879919
2999414570
7418624432
7506482942
5513684974
8480402545
10692854348
540352787
1519320046
