1711818759
6732928905
6351153554
330432281
6766262564
51944101
7418849964
8222963288
2231603808
2319604
5473249599
269325234
1581728497
228648802
5474240157
23183508
5473448580
537536789
317692258
4755588809
2763175377
1353692358
5474812500
1637351505
5471819512
2103427103
4978192696
5476736100
1596902159
1724891379
24993776
5378514236
263256914
236187304
54363342
4205690278
5475158454
5357529696
7148035
1996677803
5476070447
1674991681
1094850538
1446339363
1580420079
3007008504
2272310945
1377329293
285023366
3606299113
499722705
2239439879
5465541246
4168700970
3993650390
1554787761
4727357002
4209579894
5146247787
1795310046
5479289738
2275543282
4327832923
1021154829
5480591715
3995690123
317834694
5479510244
7686283
1099571193
1458443659
5481779987
3965266792
9470873
338658878
1705259295
235135700
472361647
5482021912
5470050594
5478259753
515901875
5482787609
3404784160
37761886
1094705834
5481424755
3987878519
4166601314
3603055223
1237213726
145588226
1307132447
5474978930
4314140994
2182403400
1832405797
5485030127
1454359006
5484659127
5466888124
578002905
4294136858
1573183777
3289459143
5485488759
5485838160
2039924380
4281559482
3652518992
2124467229
5426195039
4648348700
709272873
5486668203
4161042653
2363907
1640947659
1663667677
520851007
3052284604
5455908699
1548297638
1366201266
4099677991
1904254118
479327516
27153956
1372689478
5489728724
1309076582
5488763257
1698030673
584915196
636204705
3999015954
4575939669
4466400305
3107135883
1485801488
1682966229
308866367
4679174254
1501662740
499646934
5489785001
5490103246
4530605043
2245194428
4639086679
4753772272
5456441857
441829122
605570968
349325657
