1130445642
5748488444
2246692186
617211320
6869749856
7529408909
4788841547
2077658478
6488315948
336564220
1748686
284920884
8622634639
203995507
6881599619
1553449947
8274838820
1402750811
2310734282
2243065076
37613585
4818558039
4158480951
8182493804
367618744
3629613447
6335283173
2860383931
1146869458
6265138656
6263322368
8428171857
1169267185
352592035
4755849022
7465504352
831144
4740969414
230287836
2477751666
6276393861
8598749279
2695899644
54271216
1104915310
7155104268
2070362030
7493365307
287889464
6606263094
8371842553
8243982664
45308907
39484665
1940760144
2299228420
8539541763
52699188
8099504798
26555585
4970552597
3400891259
1412489118
247924905
3308727789
263277836
5517186337
8397825321
1543166960
5621948386
8637223350
8289299007
462750024
4793573013
1516274558
179160336
7711667775
1720534803
4465273971
6016586431
6654485189
1639121160
8604114563
1556036037
1438526025
3251633474
403580177
6097342171
6246985313
4029023711
8997436723
5741084448
29257379
10847797
760101494
1354723364
8885989328
3172827373
7309505468
7451408889
1733722095
5868823970
145775399
1119673547
285895740
9060164408
360504491
364341019
2256954527
30578621
247623947
292912188
4874710660
6991077911
425035640
1984861684
175522001
3003367885
7649773050
23564514
6135008989
8476551689
300868788
38440241
183924707
6005264681
7835436465
6478565605
2248246400
6854278752
145440677
7353808259
1678086814
6440072893
12675442
6807551562
1681489484
4462538179
6096570649
5923144433
353919774
420717326
1649303364
2103921708
8588974488
4369558912
5542365727
1753969452
519971651
3224894012
243661534
421171785
7934388929
3277405441
2126484304
11022789
3704740900
9012100424
3445811221
400163661
17006161
6868587057
5343843361
28545874
23694632
8627902682
236448327
7107455807
10876064
5643579551
8894485490
248210527
696821507
181642005
1595597742
2579740949
1344062154
281919563
5530078853
6715389555
4340214344
476323731
498806648
6325122179
3299289592
4769461454
7936574934
315673641
7288413958
181156099
8275022385
9042197021
30402290
52815803
1655706205
8585236542
55499933
12329931
5547900884
10276229
200398554
238759773
4148000091
286194616
38212357
3114383652
1185483289
1431884488
6949443385
3792601959
3061910060
7314372794
313045991
19429694
355901990
8386720457
717972022
4785375447
338138095
4257458958
1313902844
173797800
5710858569
16365527
761931239
4499577628
34948664
3164497934
8560247153
8930950075
8047892868
1923561912
6440670479
5524109764
220131525
4780967490
7682959914
325740700
696120950
6883151
1229530061
5319454883
7635923090
8625718660
476126542
6629203596
1478235603
33944018
1488072069
1677726035
52362585
16583178
3257927989
205435254
4324210268
8638203801
5596543600
499860895
8232021734
1603037361
3289707395
1469557584
8749324731
1515354519
200498574
212793200
1699965917
7296495475
8444828677
8899814680
3436684944
5774874519
6713144920
1329904407
1728640466
215485349
2215568273
5961478139
2270418332
200082529
174042304
654575000
1176402221
8755156348
4000550015
244063692
427507473
1752961480
4558147611
1902534857
8497294820
573538366
1143723649
30811450
608550500
5727416238
7027024400
1239656300
1608008643
19883809
1786535561
3888427535
9046203
3965965114
197424605
5686618315
202729426
966715530
7526891373
276192188
1410567055
1499200727
6313641143
7154877677
341411353
205177022
4764755090
1543273171
5321626903
4065116712
326650201
473989001
4484996958
1317728037
1586300488
231448847
1902931741
509705834
536508703
2845612768
330071900
1341810296
710481568
42904668
4940076609
6174686798
374913735
4415457560
1551432145
644739394
2522449385
903473986
660289423
2269039287
5925281727
5863044763
7724753414
15003571
534835527
3105995230
6458540412
508159704
544705470
2245186384
208470872
209779907
46919650
1497600922
54459495
2090053863
513675865
3620185581
6917206691
232722822
301331875
272972991
2960375615
417405545
1445400850
229815424
503380525
431373578
7656750244
7823940140
465893076
42266120
2155496760
266697566
314091258
347520741
271519253
3887885620
272188779
4249474965
612160072
4572483869
379705681
1933123384
1279903054
349038341
2578277791
338586763
453907954
715630685
1636962006
213970899
773684740
5412191541
300021446
4105428590
429125066
352816945
271054070
477692249
4332211230
51382937
3999193072
690552651
1709726211
340682831
204904636
614226008
289738839
144968229
29501166
468569889
237003831
1479943949
1269463941
5962482524
622199524
272031631
2164591711
1094969530
1170098689
13231386
1622838313
3025612618
349677893
187219386
7157610429
